height: 1500
map_load_time: !!python/object/new:builtin_interfaces.msg._time.Time
  state: !!python/tuple
  - null
  - _nanosec: 0
    _sec: 0
origin_x: -19.25000000037253
origin_y: -27.850000000372535
resolution: 0.05000000074505806
width: 1500
