origin_x: -25.050000000372535
origin_y: -24.950000000372533
resolution: 0.05000000074505806
