origin_x: 4.149999999627497
origin_y: 16.89999999962735
resolution: 0.05000000074505806
